{
 "cells": [
  {
   "cell_type": "markdown",
   "id": "7065b972-b478-45ed-8b20-f67936a78f3d",
   "metadata": {},
   "source": [
    "### Logistic Regression for multi-class classification"
   ]
  },
  {
   "cell_type": "code",
   "execution_count": 1,
   "id": "3df1f6e4-9d54-4052-8bed-2dd70d1ae7b2",
   "metadata": {},
   "outputs": [],
   "source": [
    "import numpy as np\n",
    "import pandas as pd\n",
    "import matplotlib.pyplot as plt\n",
    "import seaborn as sns\n",
    "\n",
    "import warnings\n",
    "warnings.filterwarnings('ignore')\n",
    "\n",
    "%matplotlib inline"
   ]
  },
  {
   "cell_type": "code",
   "execution_count": null,
   "id": "bef2d93e-80f4-4adf-a422-93105524ac06",
   "metadata": {},
   "outputs": [],
   "source": []
  },
  {
   "cell_type": "markdown",
   "id": "44a7a8e7-2878-4338-b0df-8c324f518ae2",
   "metadata": {},
   "source": [
    "### make the dataset for the multi-class classification"
   ]
  },
  {
   "cell_type": "code",
   "execution_count": 2,
   "id": "6e89b38a-17c2-45e7-9c2b-b479f1275ab5",
   "metadata": {},
   "outputs": [],
   "source": [
    "from sklearn.datasets import make_classification"
   ]
  },
  {
   "cell_type": "code",
   "execution_count": 3,
   "id": "2fb7a9db-0be3-4f9e-a929-3364705a6453",
   "metadata": {},
   "outputs": [],
   "source": [
    "X , y = make_classification(\n",
    "    n_samples=1000,\n",
    "    n_features=10,\n",
    "    n_informative=3,\n",
    "    n_classes=3, # Multi-class classification\n",
    "    random_state=42\n",
    ")"
   ]
  },
  {
   "cell_type": "code",
   "execution_count": 4,
   "id": "261ec5bf-9acb-466c-a950-35cf621261f7",
   "metadata": {},
   "outputs": [
    {
     "data": {
      "text/plain": [
       "array([[ 0.7715326 , -1.47433614,  2.19664605, ...,  0.68174341,\n",
       "         1.08996189,  0.96250289],\n",
       "       [ 1.85838284, -3.68087983,  0.22749588, ..., -0.47417818,\n",
       "         1.34113888, -0.77177196],\n",
       "       [-0.98724764,  1.53916836,  0.5859042 , ..., -0.32202815,\n",
       "        -1.45103394,  1.32543211],\n",
       "       ...,\n",
       "       [-1.227082  ,  1.65602784,  0.47263035, ..., -0.8634936 ,\n",
       "        -1.83932326, -0.03120349],\n",
       "       [ 1.28527572, -0.29715202, -0.67172079, ..., -1.31544131,\n",
       "         2.85446468,  1.3094441 ],\n",
       "       [-0.75428048,  0.88516075, -1.6728939 , ..., -2.0362205 ,\n",
       "        -1.43989584,  0.04749347]])"
      ]
     },
     "execution_count": 4,
     "metadata": {},
     "output_type": "execute_result"
    }
   ],
   "source": [
    "X"
   ]
  },
  {
   "cell_type": "code",
   "execution_count": 5,
   "id": "25f35586-164c-4a10-9b09-b14ef756f24a",
   "metadata": {},
   "outputs": [
    {
     "data": {
      "text/plain": [
       "array([1, 2, 1, 1, 2, 1, 1, 0, 2, 2, 2, 0, 1, 0, 2, 1, 2, 1, 0, 1, 1, 1,\n",
       "       2, 2, 1, 2, 2, 0, 1, 2, 0, 1, 0, 2, 0, 1, 0, 0, 2, 0, 1, 0, 2, 1,\n",
       "       2, 0, 2, 0, 2, 0, 0, 0, 2, 1, 1, 1, 1, 2, 0, 0, 2, 1, 0, 0, 1, 2,\n",
       "       0, 2, 2, 1, 0, 1, 1, 1, 2, 2, 2, 1, 2, 2, 2, 2, 2, 2, 0, 0, 0, 0,\n",
       "       0, 1, 1, 2, 1, 0, 1, 2, 0, 2, 0, 0, 2, 1, 0, 2, 0, 2, 2, 0, 2, 0,\n",
       "       0, 0, 0, 2, 1, 2, 1, 0, 2, 0, 0, 2, 1, 0, 2, 1, 0, 0, 2, 2, 0, 0,\n",
       "       0, 2, 1, 2, 2, 0, 2, 0, 1, 2, 1, 2, 1, 1, 2, 0, 0, 1, 0, 2, 0, 0,\n",
       "       0, 1, 1, 2, 1, 2, 2, 0, 0, 0, 1, 1, 0, 2, 1, 2, 2, 2, 1, 1, 0, 2,\n",
       "       1, 0, 2, 1, 2, 1, 2, 0, 1, 1, 0, 2, 2, 2, 2, 0, 2, 0, 0, 0, 0, 2,\n",
       "       1, 2, 1, 1, 0, 2, 2, 2, 2, 2, 2, 2, 1, 1, 1, 2, 2, 0, 2, 2, 2, 0,\n",
       "       2, 0, 1, 1, 2, 1, 2, 2, 2, 2, 0, 1, 0, 0, 0, 0, 2, 2, 2, 1, 1, 1,\n",
       "       0, 2, 0, 0, 1, 0, 2, 0, 1, 2, 2, 2, 1, 2, 1, 0, 1, 1, 1, 2, 2, 2,\n",
       "       2, 2, 2, 0, 0, 0, 2, 1, 1, 1, 1, 2, 1, 2, 2, 1, 2, 1, 0, 0, 2, 2,\n",
       "       2, 1, 1, 1, 2, 0, 0, 0, 0, 1, 0, 0, 2, 1, 1, 1, 0, 0, 0, 2, 0, 2,\n",
       "       2, 1, 1, 0, 2, 2, 2, 1, 2, 1, 0, 0, 0, 0, 0, 0, 2, 2, 1, 2, 0, 2,\n",
       "       1, 0, 1, 1, 1, 0, 2, 0, 2, 1, 0, 0, 0, 2, 0, 1, 2, 0, 1, 1, 0, 2,\n",
       "       1, 1, 1, 0, 2, 0, 0, 0, 2, 0, 1, 1, 2, 2, 2, 2, 0, 2, 0, 2, 1, 2,\n",
       "       2, 1, 1, 2, 0, 2, 2, 2, 1, 2, 1, 1, 0, 2, 1, 0, 1, 2, 0, 2, 2, 0,\n",
       "       1, 2, 0, 0, 2, 2, 0, 0, 2, 0, 1, 0, 2, 2, 0, 1, 2, 2, 0, 1, 2, 2,\n",
       "       0, 2, 1, 0, 1, 1, 1, 0, 2, 0, 1, 1, 1, 2, 0, 1, 1, 2, 2, 1, 1, 1,\n",
       "       0, 0, 2, 1, 0, 1, 1, 2, 0, 1, 0, 2, 2, 1, 1, 0, 2, 1, 2, 1, 0, 0,\n",
       "       0, 1, 2, 0, 2, 2, 0, 2, 0, 0, 0, 0, 1, 2, 2, 1, 2, 2, 1, 1, 0, 2,\n",
       "       1, 1, 0, 2, 1, 2, 1, 0, 1, 2, 2, 2, 2, 0, 2, 1, 1, 0, 2, 0, 1, 1,\n",
       "       0, 0, 1, 2, 0, 2, 0, 0, 0, 0, 0, 1, 1, 1, 2, 1, 1, 1, 1, 2, 2, 1,\n",
       "       1, 1, 2, 0, 1, 1, 1, 2, 1, 0, 2, 2, 2, 0, 2, 0, 0, 0, 2, 2, 1, 0,\n",
       "       1, 2, 1, 2, 1, 1, 2, 1, 2, 0, 0, 1, 0, 1, 2, 1, 1, 2, 2, 1, 2, 0,\n",
       "       1, 2, 0, 2, 0, 2, 1, 2, 2, 1, 1, 0, 1, 0, 1, 0, 0, 1, 2, 1, 1, 1,\n",
       "       1, 1, 2, 1, 0, 1, 0, 0, 0, 2, 0, 2, 0, 0, 2, 1, 1, 2, 1, 0, 1, 0,\n",
       "       0, 1, 1, 1, 0, 2, 1, 2, 0, 0, 1, 0, 2, 1, 2, 2, 0, 2, 1, 2, 2, 0,\n",
       "       0, 2, 2, 2, 1, 2, 1, 2, 0, 1, 0, 2, 2, 2, 2, 0, 1, 2, 2, 1, 2, 1,\n",
       "       2, 0, 1, 1, 0, 0, 1, 1, 1, 2, 0, 2, 1, 0, 0, 0, 2, 2, 2, 2, 2, 1,\n",
       "       1, 2, 2, 1, 2, 1, 0, 1, 2, 0, 1, 1, 1, 1, 1, 0, 0, 1, 0, 2, 0, 2,\n",
       "       0, 0, 0, 2, 0, 0, 2, 2, 1, 0, 0, 2, 0, 2, 0, 0, 1, 1, 2, 2, 1, 1,\n",
       "       1, 2, 2, 0, 0, 2, 2, 1, 2, 0, 0, 1, 1, 2, 0, 0, 2, 0, 1, 2, 1, 0,\n",
       "       1, 0, 1, 0, 2, 2, 0, 2, 0, 2, 1, 0, 2, 1, 2, 1, 1, 2, 0, 2, 0, 1,\n",
       "       2, 2, 0, 1, 0, 1, 1, 2, 1, 1, 1, 2, 1, 0, 2, 1, 1, 2, 0, 1, 1, 0,\n",
       "       0, 0, 1, 2, 2, 0, 1, 2, 2, 0, 2, 1, 0, 0, 1, 2, 0, 1, 2, 2, 1, 2,\n",
       "       0, 1, 0, 2, 0, 0, 2, 1, 1, 0, 2, 2, 0, 0, 0, 1, 0, 0, 0, 2, 0, 1,\n",
       "       0, 1, 0, 1, 2, 2, 0, 0, 1, 0, 0, 0, 0, 0, 1, 1, 2, 0, 1, 0, 0, 0,\n",
       "       0, 0, 0, 1, 1, 2, 2, 2, 1, 1, 0, 1, 0, 0, 2, 0, 2, 0, 2, 2, 0, 0,\n",
       "       1, 2, 1, 1, 0, 1, 1, 1, 0, 0, 1, 0, 1, 1, 2, 1, 0, 1, 1, 2, 2, 1,\n",
       "       0, 0, 0, 1, 0, 0, 2, 2, 0, 0, 0, 0, 0, 1, 0, 2, 1, 2, 1, 2, 0, 0,\n",
       "       0, 0, 2, 1, 0, 2, 1, 0, 2, 0, 2, 2, 1, 1, 1, 1, 1, 1, 1, 1, 2, 0,\n",
       "       1, 2, 0, 0, 0, 1, 1, 1, 0, 0, 0, 0, 1, 0, 1, 2, 0, 0, 1, 1, 2, 2,\n",
       "       1, 1, 1, 1, 2, 0, 1, 2, 1, 0, 1, 2, 0, 0, 1, 0, 2, 1, 1, 2, 1, 0,\n",
       "       1, 0, 1, 2, 0, 2, 1, 1, 1, 1])"
      ]
     },
     "execution_count": 5,
     "metadata": {},
     "output_type": "execute_result"
    }
   ],
   "source": [
    "y"
   ]
  },
  {
   "cell_type": "code",
   "execution_count": null,
   "id": "e8a7635c-8ef3-45fb-b73f-b5a3c9b5db36",
   "metadata": {},
   "outputs": [],
   "source": []
  },
  {
   "cell_type": "code",
   "execution_count": 6,
   "id": "2da719e1-322b-4989-9572-0b48412d6941",
   "metadata": {},
   "outputs": [],
   "source": [
    "from sklearn.model_selection import train_test_split"
   ]
  },
  {
   "cell_type": "code",
   "execution_count": 7,
   "id": "597fe5cc-8e1a-4e0a-9bc5-95eb2680a1d1",
   "metadata": {},
   "outputs": [],
   "source": [
    "X_train , X_test , y_train , y_test = train_test_split( X, y, test_size=0.25 , random_state=42 )"
   ]
  },
  {
   "cell_type": "code",
   "execution_count": null,
   "id": "266d5f24-df2b-4dc0-8920-8c391b00f7b8",
   "metadata": {},
   "outputs": [],
   "source": []
  },
  {
   "cell_type": "code",
   "execution_count": 8,
   "id": "23ebd78e-57a2-41a6-b91e-2dddc2891efc",
   "metadata": {},
   "outputs": [],
   "source": [
    "from sklearn.linear_model import LogisticRegression"
   ]
  },
  {
   "cell_type": "code",
   "execution_count": 9,
   "id": "9329bde5-97e4-4918-ba4c-b111ab002189",
   "metadata": {},
   "outputs": [],
   "source": [
    "model = LogisticRegression( multi_class ='ovr' )"
   ]
  },
  {
   "cell_type": "code",
   "execution_count": 10,
   "id": "0f59d999-13df-4bb8-84a4-789f996ef10a",
   "metadata": {},
   "outputs": [
    {
     "data": {
      "text/html": [
       "<style>#sk-container-id-1 {\n",
       "  /* Definition of color scheme common for light and dark mode */\n",
       "  --sklearn-color-text: black;\n",
       "  --sklearn-color-line: gray;\n",
       "  /* Definition of color scheme for unfitted estimators */\n",
       "  --sklearn-color-unfitted-level-0: #fff5e6;\n",
       "  --sklearn-color-unfitted-level-1: #f6e4d2;\n",
       "  --sklearn-color-unfitted-level-2: #ffe0b3;\n",
       "  --sklearn-color-unfitted-level-3: chocolate;\n",
       "  /* Definition of color scheme for fitted estimators */\n",
       "  --sklearn-color-fitted-level-0: #f0f8ff;\n",
       "  --sklearn-color-fitted-level-1: #d4ebff;\n",
       "  --sklearn-color-fitted-level-2: #b3dbfd;\n",
       "  --sklearn-color-fitted-level-3: cornflowerblue;\n",
       "\n",
       "  /* Specific color for light theme */\n",
       "  --sklearn-color-text-on-default-background: var(--sg-text-color, var(--theme-code-foreground, var(--jp-content-font-color1, black)));\n",
       "  --sklearn-color-background: var(--sg-background-color, var(--theme-background, var(--jp-layout-color0, white)));\n",
       "  --sklearn-color-border-box: var(--sg-text-color, var(--theme-code-foreground, var(--jp-content-font-color1, black)));\n",
       "  --sklearn-color-icon: #696969;\n",
       "\n",
       "  @media (prefers-color-scheme: dark) {\n",
       "    /* Redefinition of color scheme for dark theme */\n",
       "    --sklearn-color-text-on-default-background: var(--sg-text-color, var(--theme-code-foreground, var(--jp-content-font-color1, white)));\n",
       "    --sklearn-color-background: var(--sg-background-color, var(--theme-background, var(--jp-layout-color0, #111)));\n",
       "    --sklearn-color-border-box: var(--sg-text-color, var(--theme-code-foreground, var(--jp-content-font-color1, white)));\n",
       "    --sklearn-color-icon: #878787;\n",
       "  }\n",
       "}\n",
       "\n",
       "#sk-container-id-1 {\n",
       "  color: var(--sklearn-color-text);\n",
       "}\n",
       "\n",
       "#sk-container-id-1 pre {\n",
       "  padding: 0;\n",
       "}\n",
       "\n",
       "#sk-container-id-1 input.sk-hidden--visually {\n",
       "  border: 0;\n",
       "  clip: rect(1px 1px 1px 1px);\n",
       "  clip: rect(1px, 1px, 1px, 1px);\n",
       "  height: 1px;\n",
       "  margin: -1px;\n",
       "  overflow: hidden;\n",
       "  padding: 0;\n",
       "  position: absolute;\n",
       "  width: 1px;\n",
       "}\n",
       "\n",
       "#sk-container-id-1 div.sk-dashed-wrapped {\n",
       "  border: 1px dashed var(--sklearn-color-line);\n",
       "  margin: 0 0.4em 0.5em 0.4em;\n",
       "  box-sizing: border-box;\n",
       "  padding-bottom: 0.4em;\n",
       "  background-color: var(--sklearn-color-background);\n",
       "}\n",
       "\n",
       "#sk-container-id-1 div.sk-container {\n",
       "  /* jupyter's `normalize.less` sets `[hidden] { display: none; }`\n",
       "     but bootstrap.min.css set `[hidden] { display: none !important; }`\n",
       "     so we also need the `!important` here to be able to override the\n",
       "     default hidden behavior on the sphinx rendered scikit-learn.org.\n",
       "     See: https://github.com/scikit-learn/scikit-learn/issues/21755 */\n",
       "  display: inline-block !important;\n",
       "  position: relative;\n",
       "}\n",
       "\n",
       "#sk-container-id-1 div.sk-text-repr-fallback {\n",
       "  display: none;\n",
       "}\n",
       "\n",
       "div.sk-parallel-item,\n",
       "div.sk-serial,\n",
       "div.sk-item {\n",
       "  /* draw centered vertical line to link estimators */\n",
       "  background-image: linear-gradient(var(--sklearn-color-text-on-default-background), var(--sklearn-color-text-on-default-background));\n",
       "  background-size: 2px 100%;\n",
       "  background-repeat: no-repeat;\n",
       "  background-position: center center;\n",
       "}\n",
       "\n",
       "/* Parallel-specific style estimator block */\n",
       "\n",
       "#sk-container-id-1 div.sk-parallel-item::after {\n",
       "  content: \"\";\n",
       "  width: 100%;\n",
       "  border-bottom: 2px solid var(--sklearn-color-text-on-default-background);\n",
       "  flex-grow: 1;\n",
       "}\n",
       "\n",
       "#sk-container-id-1 div.sk-parallel {\n",
       "  display: flex;\n",
       "  align-items: stretch;\n",
       "  justify-content: center;\n",
       "  background-color: var(--sklearn-color-background);\n",
       "  position: relative;\n",
       "}\n",
       "\n",
       "#sk-container-id-1 div.sk-parallel-item {\n",
       "  display: flex;\n",
       "  flex-direction: column;\n",
       "}\n",
       "\n",
       "#sk-container-id-1 div.sk-parallel-item:first-child::after {\n",
       "  align-self: flex-end;\n",
       "  width: 50%;\n",
       "}\n",
       "\n",
       "#sk-container-id-1 div.sk-parallel-item:last-child::after {\n",
       "  align-self: flex-start;\n",
       "  width: 50%;\n",
       "}\n",
       "\n",
       "#sk-container-id-1 div.sk-parallel-item:only-child::after {\n",
       "  width: 0;\n",
       "}\n",
       "\n",
       "/* Serial-specific style estimator block */\n",
       "\n",
       "#sk-container-id-1 div.sk-serial {\n",
       "  display: flex;\n",
       "  flex-direction: column;\n",
       "  align-items: center;\n",
       "  background-color: var(--sklearn-color-background);\n",
       "  padding-right: 1em;\n",
       "  padding-left: 1em;\n",
       "}\n",
       "\n",
       "\n",
       "/* Toggleable style: style used for estimator/Pipeline/ColumnTransformer box that is\n",
       "clickable and can be expanded/collapsed.\n",
       "- Pipeline and ColumnTransformer use this feature and define the default style\n",
       "- Estimators will overwrite some part of the style using the `sk-estimator` class\n",
       "*/\n",
       "\n",
       "/* Pipeline and ColumnTransformer style (default) */\n",
       "\n",
       "#sk-container-id-1 div.sk-toggleable {\n",
       "  /* Default theme specific background. It is overwritten whether we have a\n",
       "  specific estimator or a Pipeline/ColumnTransformer */\n",
       "  background-color: var(--sklearn-color-background);\n",
       "}\n",
       "\n",
       "/* Toggleable label */\n",
       "#sk-container-id-1 label.sk-toggleable__label {\n",
       "  cursor: pointer;\n",
       "  display: block;\n",
       "  width: 100%;\n",
       "  margin-bottom: 0;\n",
       "  padding: 0.5em;\n",
       "  box-sizing: border-box;\n",
       "  text-align: center;\n",
       "}\n",
       "\n",
       "#sk-container-id-1 label.sk-toggleable__label-arrow:before {\n",
       "  /* Arrow on the left of the label */\n",
       "  content: \"▸\";\n",
       "  float: left;\n",
       "  margin-right: 0.25em;\n",
       "  color: var(--sklearn-color-icon);\n",
       "}\n",
       "\n",
       "#sk-container-id-1 label.sk-toggleable__label-arrow:hover:before {\n",
       "  color: var(--sklearn-color-text);\n",
       "}\n",
       "\n",
       "/* Toggleable content - dropdown */\n",
       "\n",
       "#sk-container-id-1 div.sk-toggleable__content {\n",
       "  max-height: 0;\n",
       "  max-width: 0;\n",
       "  overflow: hidden;\n",
       "  text-align: left;\n",
       "  /* unfitted */\n",
       "  background-color: var(--sklearn-color-unfitted-level-0);\n",
       "}\n",
       "\n",
       "#sk-container-id-1 div.sk-toggleable__content.fitted {\n",
       "  /* fitted */\n",
       "  background-color: var(--sklearn-color-fitted-level-0);\n",
       "}\n",
       "\n",
       "#sk-container-id-1 div.sk-toggleable__content pre {\n",
       "  margin: 0.2em;\n",
       "  border-radius: 0.25em;\n",
       "  color: var(--sklearn-color-text);\n",
       "  /* unfitted */\n",
       "  background-color: var(--sklearn-color-unfitted-level-0);\n",
       "}\n",
       "\n",
       "#sk-container-id-1 div.sk-toggleable__content.fitted pre {\n",
       "  /* unfitted */\n",
       "  background-color: var(--sklearn-color-fitted-level-0);\n",
       "}\n",
       "\n",
       "#sk-container-id-1 input.sk-toggleable__control:checked~div.sk-toggleable__content {\n",
       "  /* Expand drop-down */\n",
       "  max-height: 200px;\n",
       "  max-width: 100%;\n",
       "  overflow: auto;\n",
       "}\n",
       "\n",
       "#sk-container-id-1 input.sk-toggleable__control:checked~label.sk-toggleable__label-arrow:before {\n",
       "  content: \"▾\";\n",
       "}\n",
       "\n",
       "/* Pipeline/ColumnTransformer-specific style */\n",
       "\n",
       "#sk-container-id-1 div.sk-label input.sk-toggleable__control:checked~label.sk-toggleable__label {\n",
       "  color: var(--sklearn-color-text);\n",
       "  background-color: var(--sklearn-color-unfitted-level-2);\n",
       "}\n",
       "\n",
       "#sk-container-id-1 div.sk-label.fitted input.sk-toggleable__control:checked~label.sk-toggleable__label {\n",
       "  background-color: var(--sklearn-color-fitted-level-2);\n",
       "}\n",
       "\n",
       "/* Estimator-specific style */\n",
       "\n",
       "/* Colorize estimator box */\n",
       "#sk-container-id-1 div.sk-estimator input.sk-toggleable__control:checked~label.sk-toggleable__label {\n",
       "  /* unfitted */\n",
       "  background-color: var(--sklearn-color-unfitted-level-2);\n",
       "}\n",
       "\n",
       "#sk-container-id-1 div.sk-estimator.fitted input.sk-toggleable__control:checked~label.sk-toggleable__label {\n",
       "  /* fitted */\n",
       "  background-color: var(--sklearn-color-fitted-level-2);\n",
       "}\n",
       "\n",
       "#sk-container-id-1 div.sk-label label.sk-toggleable__label,\n",
       "#sk-container-id-1 div.sk-label label {\n",
       "  /* The background is the default theme color */\n",
       "  color: var(--sklearn-color-text-on-default-background);\n",
       "}\n",
       "\n",
       "/* On hover, darken the color of the background */\n",
       "#sk-container-id-1 div.sk-label:hover label.sk-toggleable__label {\n",
       "  color: var(--sklearn-color-text);\n",
       "  background-color: var(--sklearn-color-unfitted-level-2);\n",
       "}\n",
       "\n",
       "/* Label box, darken color on hover, fitted */\n",
       "#sk-container-id-1 div.sk-label.fitted:hover label.sk-toggleable__label.fitted {\n",
       "  color: var(--sklearn-color-text);\n",
       "  background-color: var(--sklearn-color-fitted-level-2);\n",
       "}\n",
       "\n",
       "/* Estimator label */\n",
       "\n",
       "#sk-container-id-1 div.sk-label label {\n",
       "  font-family: monospace;\n",
       "  font-weight: bold;\n",
       "  display: inline-block;\n",
       "  line-height: 1.2em;\n",
       "}\n",
       "\n",
       "#sk-container-id-1 div.sk-label-container {\n",
       "  text-align: center;\n",
       "}\n",
       "\n",
       "/* Estimator-specific */\n",
       "#sk-container-id-1 div.sk-estimator {\n",
       "  font-family: monospace;\n",
       "  border: 1px dotted var(--sklearn-color-border-box);\n",
       "  border-radius: 0.25em;\n",
       "  box-sizing: border-box;\n",
       "  margin-bottom: 0.5em;\n",
       "  /* unfitted */\n",
       "  background-color: var(--sklearn-color-unfitted-level-0);\n",
       "}\n",
       "\n",
       "#sk-container-id-1 div.sk-estimator.fitted {\n",
       "  /* fitted */\n",
       "  background-color: var(--sklearn-color-fitted-level-0);\n",
       "}\n",
       "\n",
       "/* on hover */\n",
       "#sk-container-id-1 div.sk-estimator:hover {\n",
       "  /* unfitted */\n",
       "  background-color: var(--sklearn-color-unfitted-level-2);\n",
       "}\n",
       "\n",
       "#sk-container-id-1 div.sk-estimator.fitted:hover {\n",
       "  /* fitted */\n",
       "  background-color: var(--sklearn-color-fitted-level-2);\n",
       "}\n",
       "\n",
       "/* Specification for estimator info (e.g. \"i\" and \"?\") */\n",
       "\n",
       "/* Common style for \"i\" and \"?\" */\n",
       "\n",
       ".sk-estimator-doc-link,\n",
       "a:link.sk-estimator-doc-link,\n",
       "a:visited.sk-estimator-doc-link {\n",
       "  float: right;\n",
       "  font-size: smaller;\n",
       "  line-height: 1em;\n",
       "  font-family: monospace;\n",
       "  background-color: var(--sklearn-color-background);\n",
       "  border-radius: 1em;\n",
       "  height: 1em;\n",
       "  width: 1em;\n",
       "  text-decoration: none !important;\n",
       "  margin-left: 1ex;\n",
       "  /* unfitted */\n",
       "  border: var(--sklearn-color-unfitted-level-1) 1pt solid;\n",
       "  color: var(--sklearn-color-unfitted-level-1);\n",
       "}\n",
       "\n",
       ".sk-estimator-doc-link.fitted,\n",
       "a:link.sk-estimator-doc-link.fitted,\n",
       "a:visited.sk-estimator-doc-link.fitted {\n",
       "  /* fitted */\n",
       "  border: var(--sklearn-color-fitted-level-1) 1pt solid;\n",
       "  color: var(--sklearn-color-fitted-level-1);\n",
       "}\n",
       "\n",
       "/* On hover */\n",
       "div.sk-estimator:hover .sk-estimator-doc-link:hover,\n",
       ".sk-estimator-doc-link:hover,\n",
       "div.sk-label-container:hover .sk-estimator-doc-link:hover,\n",
       ".sk-estimator-doc-link:hover {\n",
       "  /* unfitted */\n",
       "  background-color: var(--sklearn-color-unfitted-level-3);\n",
       "  color: var(--sklearn-color-background);\n",
       "  text-decoration: none;\n",
       "}\n",
       "\n",
       "div.sk-estimator.fitted:hover .sk-estimator-doc-link.fitted:hover,\n",
       ".sk-estimator-doc-link.fitted:hover,\n",
       "div.sk-label-container:hover .sk-estimator-doc-link.fitted:hover,\n",
       ".sk-estimator-doc-link.fitted:hover {\n",
       "  /* fitted */\n",
       "  background-color: var(--sklearn-color-fitted-level-3);\n",
       "  color: var(--sklearn-color-background);\n",
       "  text-decoration: none;\n",
       "}\n",
       "\n",
       "/* Span, style for the box shown on hovering the info icon */\n",
       ".sk-estimator-doc-link span {\n",
       "  display: none;\n",
       "  z-index: 9999;\n",
       "  position: relative;\n",
       "  font-weight: normal;\n",
       "  right: .2ex;\n",
       "  padding: .5ex;\n",
       "  margin: .5ex;\n",
       "  width: min-content;\n",
       "  min-width: 20ex;\n",
       "  max-width: 50ex;\n",
       "  color: var(--sklearn-color-text);\n",
       "  box-shadow: 2pt 2pt 4pt #999;\n",
       "  /* unfitted */\n",
       "  background: var(--sklearn-color-unfitted-level-0);\n",
       "  border: .5pt solid var(--sklearn-color-unfitted-level-3);\n",
       "}\n",
       "\n",
       ".sk-estimator-doc-link.fitted span {\n",
       "  /* fitted */\n",
       "  background: var(--sklearn-color-fitted-level-0);\n",
       "  border: var(--sklearn-color-fitted-level-3);\n",
       "}\n",
       "\n",
       ".sk-estimator-doc-link:hover span {\n",
       "  display: block;\n",
       "}\n",
       "\n",
       "/* \"?\"-specific style due to the `<a>` HTML tag */\n",
       "\n",
       "#sk-container-id-1 a.estimator_doc_link {\n",
       "  float: right;\n",
       "  font-size: 1rem;\n",
       "  line-height: 1em;\n",
       "  font-family: monospace;\n",
       "  background-color: var(--sklearn-color-background);\n",
       "  border-radius: 1rem;\n",
       "  height: 1rem;\n",
       "  width: 1rem;\n",
       "  text-decoration: none;\n",
       "  /* unfitted */\n",
       "  color: var(--sklearn-color-unfitted-level-1);\n",
       "  border: var(--sklearn-color-unfitted-level-1) 1pt solid;\n",
       "}\n",
       "\n",
       "#sk-container-id-1 a.estimator_doc_link.fitted {\n",
       "  /* fitted */\n",
       "  border: var(--sklearn-color-fitted-level-1) 1pt solid;\n",
       "  color: var(--sklearn-color-fitted-level-1);\n",
       "}\n",
       "\n",
       "/* On hover */\n",
       "#sk-container-id-1 a.estimator_doc_link:hover {\n",
       "  /* unfitted */\n",
       "  background-color: var(--sklearn-color-unfitted-level-3);\n",
       "  color: var(--sklearn-color-background);\n",
       "  text-decoration: none;\n",
       "}\n",
       "\n",
       "#sk-container-id-1 a.estimator_doc_link.fitted:hover {\n",
       "  /* fitted */\n",
       "  background-color: var(--sklearn-color-fitted-level-3);\n",
       "}\n",
       "</style><div id=\"sk-container-id-1\" class=\"sk-top-container\"><div class=\"sk-text-repr-fallback\"><pre>LogisticRegression(multi_class=&#x27;ovr&#x27;)</pre><b>In a Jupyter environment, please rerun this cell to show the HTML representation or trust the notebook. <br />On GitHub, the HTML representation is unable to render, please try loading this page with nbviewer.org.</b></div><div class=\"sk-container\" hidden><div class=\"sk-item\"><div class=\"sk-estimator fitted sk-toggleable\"><input class=\"sk-toggleable__control sk-hidden--visually\" id=\"sk-estimator-id-1\" type=\"checkbox\" checked><label for=\"sk-estimator-id-1\" class=\"sk-toggleable__label fitted sk-toggleable__label-arrow fitted\">&nbsp;&nbsp;LogisticRegression<a class=\"sk-estimator-doc-link fitted\" rel=\"noreferrer\" target=\"_blank\" href=\"https://scikit-learn.org/1.4/modules/generated/sklearn.linear_model.LogisticRegression.html\">?<span>Documentation for LogisticRegression</span></a><span class=\"sk-estimator-doc-link fitted\">i<span>Fitted</span></span></label><div class=\"sk-toggleable__content fitted\"><pre>LogisticRegression(multi_class=&#x27;ovr&#x27;)</pre></div> </div></div></div></div>"
      ],
      "text/plain": [
       "LogisticRegression(multi_class='ovr')"
      ]
     },
     "execution_count": 10,
     "metadata": {},
     "output_type": "execute_result"
    }
   ],
   "source": [
    "model.fit( X_train , y_train )"
   ]
  },
  {
   "cell_type": "code",
   "execution_count": 11,
   "id": "84de8f6e-6351-4f56-adbc-64e6c506cfea",
   "metadata": {},
   "outputs": [],
   "source": [
    "y_train_pred = model.predict( X_train )\n",
    "\n",
    "y_test_pred = model.predict( X_test)"
   ]
  },
  {
   "cell_type": "code",
   "execution_count": null,
   "id": "bf08cb8a-ff72-4283-84a8-9834caf45583",
   "metadata": {},
   "outputs": [],
   "source": []
  },
  {
   "cell_type": "code",
   "execution_count": 12,
   "id": "3082d902-f17d-459b-b728-1329c5c4d815",
   "metadata": {},
   "outputs": [
    {
     "data": {
      "text/plain": [
       "array([[7.87552903e-03, 2.46109388e-01, 7.46015083e-01],\n",
       "       [5.10436669e-01, 2.31481389e-01, 2.58081942e-01],\n",
       "       [3.49633644e-01, 5.93334204e-01, 5.70321516e-02],\n",
       "       [3.74752569e-02, 1.83089898e-01, 7.79434845e-01],\n",
       "       [4.04271201e-01, 3.73329220e-01, 2.22399579e-01],\n",
       "       [3.78696404e-01, 5.24610641e-01, 9.66929555e-02],\n",
       "       [2.92113177e-01, 2.23094792e-01, 4.84792031e-01],\n",
       "       [6.90758618e-01, 3.06723146e-01, 2.51823581e-03],\n",
       "       [5.72939839e-01, 4.23832533e-01, 3.22762813e-03],\n",
       "       [2.79456498e-02, 1.46891064e-01, 8.25163287e-01],\n",
       "       [7.85644877e-02, 2.32923855e-01, 6.88511657e-01],\n",
       "       [1.29638354e-02, 1.70510451e-01, 8.16525714e-01],\n",
       "       [5.46582235e-02, 1.78470985e-01, 7.66870791e-01],\n",
       "       [4.13740430e-02, 3.48777177e-01, 6.09848780e-01],\n",
       "       [1.89108823e-02, 2.98880723e-01, 6.82208395e-01],\n",
       "       [7.38885291e-03, 2.19041893e-01, 7.73569255e-01],\n",
       "       [2.67383124e-02, 2.76521016e-01, 6.96740672e-01],\n",
       "       [2.20862672e-01, 4.93868106e-01, 2.85269222e-01],\n",
       "       [5.94911732e-01, 3.48387278e-01, 5.67009899e-02],\n",
       "       [6.54372117e-01, 3.00068368e-01, 4.55595150e-02],\n",
       "       [6.99987277e-01, 2.46026989e-01, 5.39857345e-02],\n",
       "       [6.53863466e-01, 3.12028000e-01, 3.41085341e-02],\n",
       "       [5.62290502e-02, 2.51727527e-01, 6.92043422e-01],\n",
       "       [5.75700527e-01, 3.52535437e-01, 7.17640353e-02],\n",
       "       [1.72343130e-01, 6.67692752e-01, 1.59964118e-01],\n",
       "       [6.25729875e-01, 3.72732630e-01, 1.53749553e-03],\n",
       "       [2.23556953e-02, 3.27721846e-01, 6.49922459e-01],\n",
       "       [4.46046860e-01, 5.11338803e-01, 4.26143378e-02],\n",
       "       [6.60493704e-01, 2.58495246e-01, 8.10110505e-02],\n",
       "       [1.22345086e-02, 2.44246051e-01, 7.43519440e-01],\n",
       "       [9.97025812e-02, 3.64818299e-01, 5.35479120e-01],\n",
       "       [6.64762513e-01, 3.35194978e-01, 4.25082134e-05],\n",
       "       [1.98375767e-01, 4.93226210e-01, 3.08398023e-01],\n",
       "       [4.69741683e-01, 4.55594589e-01, 7.46637279e-02],\n",
       "       [5.01086285e-01, 2.73083400e-01, 2.25830315e-01],\n",
       "       [8.30250493e-02, 3.45460006e-01, 5.71514944e-01],\n",
       "       [3.25715517e-02, 3.62766067e-01, 6.04662381e-01],\n",
       "       [2.60845044e-02, 2.61725442e-01, 7.12190054e-01],\n",
       "       [8.75691786e-02, 5.65457992e-01, 3.46972830e-01],\n",
       "       [5.92332653e-01, 4.05903763e-01, 1.76358346e-03],\n",
       "       [4.96912121e-01, 4.69026077e-01, 3.40618012e-02],\n",
       "       [4.61023344e-01, 5.02589187e-01, 3.63874683e-02],\n",
       "       [3.45491704e-02, 2.64140022e-01, 7.01310807e-01],\n",
       "       [5.63338275e-01, 4.36295553e-01, 3.66172784e-04],\n",
       "       [3.27612793e-01, 4.13243093e-01, 2.59144115e-01],\n",
       "       [5.64769291e-02, 2.50561995e-01, 6.92961075e-01],\n",
       "       [3.78802610e-01, 4.34455096e-01, 1.86742295e-01],\n",
       "       [7.16450681e-01, 2.34741880e-01, 4.88074396e-02],\n",
       "       [2.54051295e-01, 6.55200816e-01, 9.07478897e-02],\n",
       "       [3.02161153e-01, 6.13748613e-01, 8.40902336e-02],\n",
       "       [3.02100994e-02, 2.67079553e-01, 7.02710348e-01],\n",
       "       [5.62191099e-01, 3.08486888e-01, 1.29322014e-01],\n",
       "       [3.17799027e-01, 4.09763589e-01, 2.72437384e-01],\n",
       "       [4.99035619e-01, 4.97976073e-01, 2.98830800e-03],\n",
       "       [2.76214646e-02, 3.14737435e-01, 6.57641100e-01],\n",
       "       [1.07847194e-01, 3.46760102e-01, 5.45392704e-01],\n",
       "       [4.29246012e-02, 2.92873052e-01, 6.64202347e-01],\n",
       "       [1.22550940e-01, 3.18728365e-01, 5.58720696e-01],\n",
       "       [4.27743118e-01, 5.52029119e-01, 2.02277635e-02],\n",
       "       [1.28488117e-02, 1.47316515e-01, 8.39834673e-01],\n",
       "       [6.88513749e-01, 2.88873615e-01, 2.26126355e-02],\n",
       "       [4.61041734e-02, 4.52191533e-01, 5.01704294e-01],\n",
       "       [6.83621343e-02, 1.93381694e-01, 7.38256172e-01],\n",
       "       [9.73459144e-03, 1.71213260e-01, 8.19052149e-01],\n",
       "       [1.57839656e-01, 7.44904177e-01, 9.72561673e-02],\n",
       "       [2.71662435e-01, 3.96084890e-01, 3.32252675e-01],\n",
       "       [4.75343207e-01, 3.05443134e-01, 2.19213659e-01],\n",
       "       [8.27422919e-02, 5.31030544e-01, 3.86227164e-01],\n",
       "       [6.05603081e-01, 3.32698215e-01, 6.16987038e-02],\n",
       "       [1.07306982e-01, 5.18275270e-01, 3.74417748e-01],\n",
       "       [7.40693537e-01, 2.40222008e-01, 1.90844554e-02],\n",
       "       [3.29665642e-02, 2.43906742e-01, 7.23126694e-01],\n",
       "       [9.39986587e-02, 1.44013577e-01, 7.61987764e-01],\n",
       "       [4.93264589e-01, 3.14215909e-01, 1.92519502e-01],\n",
       "       [5.21865681e-01, 4.55363401e-01, 2.27709181e-02],\n",
       "       [6.58704873e-01, 2.87019166e-01, 5.42759613e-02],\n",
       "       [2.90041169e-02, 2.85475970e-01, 6.85519913e-01],\n",
       "       [1.88209707e-01, 4.94883871e-01, 3.16906422e-01],\n",
       "       [2.41174372e-01, 7.37363711e-01, 2.14619171e-02],\n",
       "       [1.67797031e-01, 3.50649580e-01, 4.81553389e-01],\n",
       "       [1.09882153e-01, 1.42692245e-01, 7.47425601e-01],\n",
       "       [6.11372839e-01, 3.88174445e-01, 4.52715205e-04],\n",
       "       [1.04195564e-01, 3.45829703e-01, 5.49974733e-01],\n",
       "       [8.02253073e-02, 4.66046704e-01, 4.53727989e-01],\n",
       "       [6.51352538e-01, 3.41891126e-01, 6.75633619e-03],\n",
       "       [8.48514033e-02, 6.01422129e-01, 3.13726467e-01],\n",
       "       [4.49182156e-01, 5.48340322e-01, 2.47752176e-03],\n",
       "       [3.07697059e-01, 3.32427763e-01, 3.59875178e-01],\n",
       "       [2.71657348e-01, 5.43816956e-01, 1.84525696e-01],\n",
       "       [1.54625329e-01, 4.93127842e-01, 3.52246829e-01],\n",
       "       [7.29167374e-03, 1.85469093e-01, 8.07239233e-01],\n",
       "       [3.28267771e-02, 1.73091189e-01, 7.94082034e-01],\n",
       "       [4.67627414e-01, 4.90674530e-01, 4.16980557e-02],\n",
       "       [3.79338468e-02, 1.44712868e-01, 8.17353285e-01],\n",
       "       [9.27855077e-03, 2.06897150e-01, 7.83824299e-01],\n",
       "       [1.91316522e-02, 2.91971356e-01, 6.88896991e-01],\n",
       "       [1.72403304e-01, 7.19174203e-01, 1.08422492e-01],\n",
       "       [4.89585585e-01, 4.95465421e-01, 1.49489944e-02],\n",
       "       [7.64732565e-01, 2.19797921e-01, 1.54695144e-02],\n",
       "       [5.81408182e-01, 4.17850889e-01, 7.40929569e-04],\n",
       "       [6.34998293e-01, 2.14744758e-01, 1.50256949e-01],\n",
       "       [1.36045858e-02, 2.21142342e-01, 7.65253072e-01],\n",
       "       [4.27326019e-01, 4.29898114e-01, 1.42775867e-01],\n",
       "       [6.29590727e-01, 2.45189335e-01, 1.25219938e-01],\n",
       "       [2.39811215e-01, 2.56951988e-01, 5.03236797e-01],\n",
       "       [3.87849141e-01, 3.85673024e-01, 2.26477835e-01],\n",
       "       [1.39595260e-01, 5.61182581e-01, 2.99222159e-01],\n",
       "       [6.64565681e-01, 2.95990648e-01, 3.94436707e-02],\n",
       "       [5.07271883e-01, 2.72135691e-01, 2.20592426e-01],\n",
       "       [7.90337976e-03, 1.80945400e-01, 8.11151220e-01],\n",
       "       [5.42095820e-01, 4.54670933e-01, 3.23324698e-03],\n",
       "       [3.16930838e-01, 3.64979484e-01, 3.18089678e-01],\n",
       "       [3.22351138e-01, 2.99395063e-01, 3.78253799e-01],\n",
       "       [7.43577916e-01, 2.32554030e-01, 2.38680543e-02],\n",
       "       [4.86036347e-01, 2.72907130e-01, 2.41056522e-01],\n",
       "       [6.00230639e-01, 3.66050183e-01, 3.37191774e-02],\n",
       "       [4.38809073e-01, 5.28208513e-01, 3.29824142e-02],\n",
       "       [2.10728797e-01, 5.05896982e-01, 2.83374221e-01],\n",
       "       [6.28600773e-03, 2.59489303e-01, 7.34224689e-01],\n",
       "       [4.75182503e-02, 1.89401404e-01, 7.63080346e-01],\n",
       "       [1.89521341e-01, 4.66801254e-01, 3.43677406e-01],\n",
       "       [5.01632349e-01, 4.58720262e-01, 3.96473895e-02],\n",
       "       [7.03894659e-01, 2.67631631e-01, 2.84737103e-02],\n",
       "       [2.01603189e-01, 6.17536777e-01, 1.80860034e-01],\n",
       "       [5.98639765e-02, 1.80715797e-01, 7.59420226e-01],\n",
       "       [6.31446736e-01, 3.18526217e-01, 5.00270470e-02],\n",
       "       [7.15419292e-01, 2.60385977e-01, 2.41947316e-02],\n",
       "       [1.41477416e-01, 5.57572614e-01, 3.00949970e-01],\n",
       "       [4.82439507e-01, 1.88992242e-01, 3.28568251e-01],\n",
       "       [3.82538996e-02, 2.21159036e-01, 7.40587065e-01],\n",
       "       [3.62543119e-01, 4.59018921e-01, 1.78437960e-01],\n",
       "       [6.92870618e-01, 2.89234786e-01, 1.78945963e-02],\n",
       "       [8.59715685e-03, 2.08659491e-01, 7.82743352e-01],\n",
       "       [6.29940401e-02, 3.56253627e-01, 5.80752333e-01],\n",
       "       [7.38874732e-02, 4.38374098e-01, 4.87738429e-01],\n",
       "       [4.94013435e-01, 4.71024645e-01, 3.49619205e-02],\n",
       "       [5.96611109e-01, 3.99881507e-01, 3.50738473e-03],\n",
       "       [3.42469224e-01, 4.67273699e-01, 1.90257077e-01],\n",
       "       [1.15486089e-02, 1.98553210e-01, 7.89898181e-01],\n",
       "       [1.53758622e-01, 6.37559285e-01, 2.08682094e-01],\n",
       "       [1.24909699e-02, 2.34595780e-01, 7.52913250e-01],\n",
       "       [3.41451347e-01, 3.96821939e-01, 2.61726714e-01],\n",
       "       [1.28836666e-01, 4.21643117e-01, 4.49520218e-01],\n",
       "       [7.95247929e-02, 6.72669167e-01, 2.47806040e-01],\n",
       "       [3.22505575e-01, 1.83470329e-01, 4.94024096e-01],\n",
       "       [2.04195811e-01, 2.97739390e-01, 4.98064799e-01],\n",
       "       [6.10595648e-02, 2.58157931e-01, 6.80782504e-01],\n",
       "       [6.97937377e-01, 2.33840080e-01, 6.82225426e-02],\n",
       "       [5.30925938e-01, 4.66120717e-01, 2.95334497e-03],\n",
       "       [2.40685138e-01, 5.46721267e-01, 2.12593594e-01],\n",
       "       [1.42760532e-01, 2.77132293e-01, 5.80107174e-01],\n",
       "       [5.55001520e-01, 3.38735303e-01, 1.06263178e-01],\n",
       "       [6.20051626e-01, 3.78853397e-01, 1.09497703e-03],\n",
       "       [1.09011378e-02, 2.81607952e-01, 7.07490910e-01],\n",
       "       [1.80572484e-01, 7.61033651e-01, 5.83938646e-02],\n",
       "       [6.22403717e-01, 3.77151922e-01, 4.44360615e-04],\n",
       "       [4.96364619e-01, 4.58211200e-01, 4.54241811e-02],\n",
       "       [7.91524939e-01, 1.94212564e-01, 1.42624967e-02],\n",
       "       [9.57793074e-02, 3.85502336e-01, 5.18718356e-01],\n",
       "       [6.76383105e-01, 2.46482724e-01, 7.71341714e-02],\n",
       "       [5.35369642e-01, 2.45699101e-01, 2.18931256e-01],\n",
       "       [5.34235772e-01, 4.35414529e-01, 3.03496987e-02],\n",
       "       [3.47091557e-03, 1.63379584e-01, 8.33149500e-01],\n",
       "       [1.44075200e-02, 3.44358870e-01, 6.41233610e-01],\n",
       "       [2.38470803e-02, 1.53208483e-01, 8.22944437e-01],\n",
       "       [1.77854413e-01, 1.41873176e-01, 6.80272411e-01],\n",
       "       [2.80308337e-01, 2.78350617e-01, 4.41341047e-01],\n",
       "       [5.00307917e-01, 4.67206764e-01, 3.24853186e-02],\n",
       "       [1.36712836e-02, 1.91989927e-01, 7.94338790e-01],\n",
       "       [4.30778821e-01, 4.56123381e-01, 1.13097799e-01],\n",
       "       [6.10436687e-01, 3.88824387e-01, 7.38925262e-04],\n",
       "       [1.16521060e-02, 2.59365194e-01, 7.28982700e-01],\n",
       "       [4.68901729e-01, 5.24446264e-01, 6.65200634e-03],\n",
       "       [6.95670631e-01, 2.47411675e-01, 5.69176937e-02],\n",
       "       [5.09386701e-01, 4.84386112e-01, 6.22718694e-03],\n",
       "       [3.95249403e-01, 2.18502344e-01, 3.86248253e-01],\n",
       "       [4.41360603e-01, 4.51450891e-01, 1.07188506e-01],\n",
       "       [2.82467503e-01, 6.66197238e-01, 5.13352593e-02],\n",
       "       [1.55007665e-01, 4.62250330e-01, 3.82742006e-01],\n",
       "       [9.57082451e-03, 1.63338847e-01, 8.27090329e-01],\n",
       "       [3.86933222e-02, 2.93910073e-01, 6.67396605e-01],\n",
       "       [6.31900462e-01, 3.57812752e-01, 1.02867867e-02],\n",
       "       [6.59323845e-01, 3.19561623e-01, 2.11145314e-02],\n",
       "       [4.66779502e-02, 2.57700147e-01, 6.95621903e-01],\n",
       "       [6.13095247e-01, 3.73976256e-01, 1.29284971e-02],\n",
       "       [5.49473172e-01, 3.87427624e-01, 6.30992039e-02],\n",
       "       [5.54107166e-01, 4.42447180e-01, 3.44565378e-03],\n",
       "       [7.19222646e-02, 2.95263738e-01, 6.32813997e-01],\n",
       "       [4.98893686e-01, 3.24366486e-01, 1.76739828e-01],\n",
       "       [6.44728509e-01, 2.27727234e-01, 1.27544258e-01],\n",
       "       [5.77874411e-01, 4.20413013e-01, 1.71257558e-03],\n",
